,Score,Feature
0,0.00028486904658689904,[9]
1,0.00028486904658689904,[99]
2,0.00028486904658689904,[98]
3,0.00028486904658689904,[97]
4,0.00028486904658689904,[96]
5,0.00028486904658689904,[95]
6,0.00028486904658689904,[94]
7,0.00028486904658689904,[93]
8,0.00028486904658689904,[92]
9,0.00028486904658689904,[91]
10,0.00028486904658689904,[90]
11,0.00028486904658689904,[8]
12,0.00028486904658689904,[89]
13,0.00028486904658689904,[88]
14,0.00028486904658689904,[87]
15,0.00028486904658689904,[86]
16,0.00028486904658689904,[85]
17,0.00028486904658689904,[84]
18,0.00028486904658689904,[83]
19,0.00028486904658689904,[82]
20,0.00028486904658689904,[81]
21,0.00028486904658689904,[80]
22,0.00028486904658689904,[7]
23,0.00028486904658689904,[79]
24,0.00028486904658689904,[78]
25,0.00028486904658689904,[77]
26,0.00028486904658689904,[76]
27,0.00028486904658689904,[75]
28,0.00028486904658689904,[74]
29,0.00028486904658689904,[73]
30,0.00028486904658689904,[72]
31,0.00028486904658689904,[71]
32,0.00028486904658689904,[70]
33,0.00028486904658689904,[6]
34,0.00028486904658689904,[69]
35,0.00028486904658689904,[68]
36,0.00028486904658689904,[67]
37,0.00028486904658689904,[66]
38,0.00028486904658689904,[65]
39,0.00028486904658689904,[64]
40,0.00028486904658689904,[63]
41,0.00028486904658689904,[62]
42,0.00028486904658689904,[61]
43,0.00028486904658689904,[60]
44,0.00028486904658689904,[5]
45,0.00028486904658689904,[59]
46,0.00028486904658689904,[58]
47,0.00028486904658689904,[57]
48,0.00028486904658689904,[56]
49,0.00028486904658689904,[55]
50,0.00028486904658689904,[54]
51,0.00028486904658689904,[53]
52,0.00028486904658689904,[52]
53,0.00028486904658689904,[51]
54,0.00028486904658689904,[50]
55,0.00028486904658689904,[4]
56,0.00028486904658689904,[49]
57,0.00028486904658689904,[48]
58,0.00028486904658689904,[47]
59,0.00028486904658689904,[46]
60,0.00028486904658689904,[45]
61,0.00028486904658689904,[44]
62,0.00028486904658689904,[43]
63,0.00028486904658689904,[42]
64,0.00028486904658689904,[41]
65,0.00028486904658689904,[40]
66,0.00028486904658689904,[3]
67,0.00028486904658689904,[39]
68,0.00028486904658689904,[38]
69,0.00028486904658689904,[37]
70,0.00028486904658689904,[36]
71,0.00028486904658689904,[35]
72,0.00028486904658689904,[34]
73,0.00028486904658689904,[33]
74,0.00028486904658689904,[32]
75,0.00028486904658689904,[31]
76,0.00028486904658689904,[30]
77,0.00028486904658689904,[309]
78,0.00028486904658689904,[308]
79,0.00028486904658689904,[307]
80,0.00028486904658689904,[306]
81,0.00028486904658689904,[305]
82,0.00028486904658689904,[304]
83,0.00028486904658689904,[303]
84,0.00028486904658689904,[302]
85,0.00028486904658689904,[301]
86,0.00028486904658689904,[300]
87,0.00028486904658689904,[2]
88,0.00028486904658689904,[29]
89,0.00028486904658689904,[299]
90,0.00028486904658689904,[298]
91,0.00028486904658689904,[297]
92,0.00028486904658689904,[296]
93,0.00028486904658689904,[295]
94,0.00028486904658689904,[294]
95,0.00028486904658689904,[293]
96,0.00028486904658689904,[292]
97,0.00028486904658689904,[291]
98,0.00028486904658689904,[290]
99,0.00028486904658689904,[28]
100,0.00028486904658689904,[289]
101,0.00028486904658689904,[288]
102,0.00028486904658689904,[287]
103,0.00028486904658689904,[286]
104,0.00028486904658689904,[285]
105,0.00028486904658689904,[284]
106,0.00028486904658689904,[283]
107,0.00028486904658689904,[282]
108,0.00028486904658689904,[281]
109,0.00028486904658689904,[280]
110,0.00028486904658689904,[27]
111,0.00028486904658689904,[279]
112,0.00028486904658689904,[278]
113,0.00028486904658689904,[277]
114,0.00028486904658689904,[276]
115,0.00028486904658689904,[275]
116,0.00028486904658689904,[274]
117,0.00028486904658689904,[273]
118,0.00028486904658689904,[272]
119,0.00028486904658689904,[271]
120,0.00028486904658689904,[270]
121,0.00028486904658689904,[26]
122,0.00028486904658689904,[269]
123,0.00028486904658689904,[268]
124,0.00028486904658689904,[267]
125,0.00028486904658689904,[266]
126,0.00028486904658689904,[265]
127,0.00028486904658689904,[264]
128,0.00028486904658689904,[263]
129,0.00028486904658689904,[262]
130,0.00028486904658689904,[261]
131,0.00028486904658689904,[260]
132,0.00028486904658689904,[25]
133,0.00028486904658689904,[259]
134,0.00028486904658689904,[258]
135,0.00028486904658689904,[257]
136,0.00028486904658689904,[256]
137,0.00028486904658689904,[255]
138,0.00028486904658689904,[254]
139,0.00028486904658689904,[253]
140,0.00028486904658689904,[252]
141,0.00028486904658689904,[251]
142,0.00028486904658689904,[250]
143,0.00028486904658689904,[24]
144,0.00028486904658689904,[249]
145,0.00028486904658689904,[248]
146,0.00028486904658689904,[247]
147,0.00028486904658689904,[246]
148,0.00028486904658689904,[245]
149,0.00028486904658689904,[244]
150,0.00028486904658689904,[243]
151,0.00028486904658689904,[242]
152,0.00028486904658689904,[241]
153,0.00028486904658689904,[240]
154,0.00028486904658689904,[23]
155,0.00028486904658689904,[239]
156,0.00028486904658689904,[238]
157,0.00028486904658689904,[237]
158,0.00028486904658689904,[236]
159,0.00028486904658689904,[235]
160,0.00028486904658689904,[234]
161,0.00028486904658689904,[233]
162,0.00028486904658689904,[232]
163,0.00028486904658689904,[231]
164,0.00028486904658689904,[230]
165,0.00028486904658689904,[22]
166,0.00028486904658689904,[229]
167,0.00028486904658689904,[228]
168,0.00028486904658689904,[227]
169,0.00028486904658689904,[226]
170,0.00028486904658689904,[225]
171,0.00028486904658689904,[224]
172,0.00028486904658689904,[223]
173,0.00028486904658689904,[222]
174,0.00028486904658689904,[221]
175,0.00028486904658689904,[220]
176,0.00028486904658689904,[21]
177,0.00028486904658689904,[219]
178,0.00028486904658689904,[218]
179,0.00028486904658689904,[217]
180,0.00028486904658689904,[216]
181,0.00028486904658689904,[215]
182,0.00028486904658689904,[214]
183,0.00028486904658689904,[213]
184,0.00028486904658689904,[212]
185,0.00028486904658689904,[211]
186,0.00028486904658689904,[210]
187,0.00028486904658689904,[20]
188,0.00028486904658689904,[209]
189,0.00028486904658689904,[208]
190,0.00028486904658689904,[207]
191,0.00028486904658689904,[206]
192,0.00028486904658689904,[205]
193,0.00028486904658689904,[204]
194,0.00028486904658689904,[203]
195,0.00028486904658689904,[202]
196,0.00028486904658689904,[201]
197,0.00028486904658689904,[200]
198,0.00028486904658689904,[1]
199,0.00028486904658689904,[19]
200,0.00028486904658689904,[199]
201,0.00028486904658689904,[198]
202,0.00028486904658689904,[197]
203,0.00028486904658689904,[196]
204,0.00028486904658689904,[195]
205,0.00028486904658689904,[194]
206,0.00028486904658689904,[193]
207,0.00028486904658689904,[192]
208,0.00028486904658689904,[191]
209,0.00028486904658689904,[190]
210,0.00028486904658689904,[18]
211,0.00028486904658689904,[189]
212,0.00028486904658689904,[188]
213,0.00028486904658689904,[187]
214,0.00028486904658689904,[186]
215,0.00028486904658689904,[185]
216,0.00028486904658689904,[184]
217,0.00028486904658689904,[183]
218,0.00028486904658689904,[182]
219,0.00028486904658689904,[181]
220,0.00028486904658689904,[180]
221,0.00028486904658689904,[17]
222,0.00028486904658689904,[179]
223,0.00028486904658689904,[178]
224,0.00028486904658689904,[177]
225,0.00028486904658689904,[176]
226,0.00028486904658689904,[175]
227,0.00028486904658689904,[174]
228,0.00028486904658689904,[173]
229,0.00028486904658689904,[172]
230,0.00028486904658689904,[171]
231,0.00028486904658689904,[170]
232,0.00028486904658689904,[16]
233,0.00028486904658689904,[169]
234,0.00028486904658689904,[168]
235,0.00028486904658689904,[167]
236,0.00028486904658689904,[166]
237,0.00028486904658689904,[165]
238,0.00028486904658689904,[164]
239,0.00028486904658689904,[163]
240,0.00028486904658689904,[162]
241,0.00028486904658689904,[161]
242,0.00028486904658689904,[160]
243,0.00028486904658689904,[15]
244,0.00028486904658689904,[159]
245,0.00028486904658689904,[158]
246,0.00028486904658689904,[157]
247,0.00028486904658689904,[156]
248,0.00028486904658689904,[155]
249,0.00028486904658689904,[154]
250,0.00028486904658689904,[153]
251,0.00028486904658689904,[152]
252,0.00028486904658689904,[151]
253,0.00028486904658689904,[150]
254,0.00028486904658689904,[14]
255,0.00028486904658689904,[149]
256,0.00028486904658689904,[148]
257,0.00028486904658689904,[147]
258,0.00028486904658689904,[146]
259,0.00028486904658689904,[145]
260,0.00028486904658689904,[144]
261,0.00028486904658689904,[143]
262,0.00028486904658689904,[142]
263,0.00028486904658689904,[141]
264,0.00028486904658689904,[140]
265,0.00028486904658689904,[13]
266,0.00028486904658689904,[139]
267,0.00028486904658689904,[138]
268,0.00028486904658689904,[137]
269,0.00028486904658689904,[136]
270,0.00028486904658689904,[135]
271,0.00028486904658689904,[134]
272,0.00028486904658689904,[133]
273,0.00028486904658689904,[132]
274,0.00028486904658689904,[131]
275,0.00028486904658689904,[130]
276,0.00028486904658689904,[12]
277,0.00028486904658689904,[129]
278,0.00028486904658689904,[128]
279,0.00028486904658689904,[127]
280,0.00028486904658689904,[126]
281,0.00028486904658689904,[125]
282,0.00028486904658689904,[124]
283,0.00028486904658689904,[123]
284,0.00028486904658689904,[122]
285,0.00028486904658689904,[121]
286,0.00028486904658689904,[120]
287,0.00028486904658689904,[11]
288,0.00028486904658689904,[119]
289,0.00028486904658689904,[118]
290,0.00028486904658689904,[117]
291,0.00028486904658689904,[116]
292,0.00028486904658689904,[115]
293,0.00028486904658689904,[114]
294,0.00028486904658689904,[113]
295,0.00028486904658689904,[112]
296,0.00028486904658689904,[111]
297,0.00028486904658689904,[110]
298,0.00028486904658689904,[10]
299,0.00028486904658689904,[109]
300,0.00028486904658689904,[108]
301,0.00028486904658689904,[107]
302,0.00028486904658689904,[106]
303,0.00028486904658689904,[105]
304,0.00028486904658689904,[104]
305,0.00028486904658689904,[103]
306,0.00028486904658689904,[102]
307,0.00028486904658689904,[101]
308,0.00028486904658689904,[100]
309,0.00028486904658689904,[0]
