,Feature,Score
36,36,0.0006340847309342695
129,129,0.0005314456342694018
108,108,0.00048260678459064073
56,56,0.000457425065002796
112,112,0.0004536111842864106
19,19,0.00043696521941539616
102,102,0.0004211410333900043
107,107,0.00037808979645987295
74,74,0.0003643518215399564
49,49,0.00036227913673735204
125,125,0.0003613387961651927
118,118,0.0003572588408301626
9,9,0.0003424813805577857
50,50,0.00032478264281769146
29,29,0.00030906637829716555
41,41,0.0002944600780850955
106,106,0.0002599829220211944
44,44,0.00024818229140229135
71,71,0.00023673884865310995
70,70,0.0002335715752495656
23,23,0.00023213493083986268
5,5,0.00023017737944184416
59,59,0.00022977098002554188
75,75,0.00021549139085318936
42,42,0.00021182042934370928
31,31,0.0002093402745786179
7,7,0.00020764014262045108
88,88,0.00020549485179643617
62,62,0.0001989401750941932
96,96,0.00019276106262547396
54,54,0.00019161706733282206
66,66,0.00019061898203283817
35,35,0.00018713099014385157
15,15,0.00018580478764524874
20,20,0.0001835995466456006
85,85,0.00018194700577850824
33,33,0.00018080670116537561
30,30,0.00017706126703743747
27,27,0.00017372885890261627
38,38,0.00016467048188501882
37,37,0.00016293095058429562
65,65,0.00016166048553124915
99,99,0.00016127645394225346
120,120,0.0001601402683390783
77,77,0.00015983169311826133
14,14,0.00015773662129123898
73,73,0.0001570387447121613
25,25,0.000156691339700711
103,103,0.00015647269734734732
93,93,0.00015517550576418844
2,2,0.0001537299464332182
72,72,0.00015170796113061515
57,57,0.00015046119584341262
3,3,0.0001501225427968417
111,111,0.0001500277883326427
79,79,0.00014854151280640278
58,58,0.00014784386226769977
8,8,0.00014708983750450467
128,128,0.00014462613776750386
87,87,0.0001435312390212377
105,105,0.0001418003511556615
86,86,0.0001390029525414591
114,114,0.00013505555157172517
113,113,0.0001340051883245311
78,78,0.000131694202244496
1,1,0.00013064128445440434
47,47,0.0001296967493905242
22,22,0.00012795247447411806
51,51,0.0001277565285923555
109,109,0.0001270030737479448
94,94,0.0001226465965753139
83,83,0.00012147697173232964
84,84,0.00012016137590067845
104,104,0.00011984460720991034
4,4,0.000119744381912058
45,45,0.00011833480995044596
100,100,0.00011722376582893468
68,68,0.00011541570922061559
11,11,0.00011538357363558054
76,76,0.00011495272136935861
6,6,0.00011381398395912929
24,24,0.00011336182773077856
119,119,0.00011026807282259711
21,21,0.00011022661759235433
43,43,0.00010588397384460535
116,116,0.00010580720052821426
32,32,0.00010530813558465962
34,34,0.00010516129357405286
95,95,0.00010452590026887825
126,126,0.00010346811934918575
46,46,0.0001015355361760117
40,40,0.00010068537568790097
92,92,0.00010006477474111463
55,55,9.909808064561649e-05
53,53,9.495423216249324e-05
18,18,9.472305148076345e-05
10,10,9.461018090758601e-05
12,12,9.435885908060706e-05
17,17,9.393700810369337e-05
117,117,9.332966726315708e-05
0,0,9.228740223833875e-05
101,101,9.204043427288379e-05
28,28,9.168454883493313e-05
97,97,9.107660385971173e-05
52,52,8.983947127763023e-05
63,63,8.9674730739578e-05
61,61,8.946816739310371e-05
48,48,8.924805704148339e-05
26,26,8.780638813579916e-05
123,123,8.739062639095197e-05
115,115,8.718641970147331e-05
39,39,8.58685936819031e-05
110,110,8.40020109043522e-05
89,89,8.370449570726279e-05
82,82,8.30944735124681e-05
67,67,8.300351392747179e-05
121,121,8.278144934219685e-05
91,91,8.268251283463127e-05
122,122,8.15758074963492e-05
124,124,8.090188299776296e-05
13,13,7.827223682040595e-05
16,16,7.777559712061824e-05
98,98,7.769787836583754e-05
80,80,7.704575613222314e-05
81,81,7.655759394808705e-05
127,127,7.509196263063488e-05
69,69,7.457416509108358e-05
60,60,7.29583626560014e-05
90,90,7.007830895741907e-05
64,64,6.450599020715936e-05
