,Feature,Score
45,45,0.0016578543863934624
62,62,0.0008559251207330507
58,58,0.0008129235073291332
53,53,0.0008107400595915511
27,27,0.0006778847431767727
97,97,0.0006190394285274932
39,39,0.0005908403791801048
102,102,0.0005901173122930948
69,69,0.0005681164278224874
119,119,0.0005550567296177451
118,118,0.0005394183939647427
86,86,0.0005241805597933263
7,7,0.0004962738948290486
54,54,0.0004927668623952659
68,68,0.0004476772357656917
36,36,0.0004320484068969109
104,104,0.00041062062546293003
83,83,0.00040454595425290594
129,129,0.00037855371780191085
35,35,0.0003768328333905492
114,114,0.0003766035828843089
79,79,0.0003728776073191068
87,87,0.00036072272510135055
74,74,0.00036047795242782524
48,48,0.000359053808788574
78,78,0.0003487113328594013
123,123,0.00034543515537135955
124,124,0.00032884362381454364
40,40,0.0002980801226459691
115,115,0.00028531550757876923
33,33,0.00028337138654047745
22,22,0.00028052583361996776
42,42,0.00027828101697970796
31,31,0.0002756852746032803
13,13,0.0002675588089950789
11,11,0.00026646929805161754
98,98,0.0002637014907597879
77,77,0.00026146591542690556
88,88,0.0002584333488581798
56,56,0.00025388828081144665
91,91,0.00024765168607171674
26,26,0.0002424106521537521
65,65,0.00023643392427118338
8,8,0.00023071953311375434
47,47,0.00022945917109818564
50,50,0.00022246148675954272
19,19,0.00022056135815793295
6,6,0.00022001085242230045
5,5,0.00021830945296693515
67,67,0.0002109459689309304
2,2,0.00020530137177741096
110,110,0.0002002739070245332
109,109,0.00019846232109459804
120,120,0.00019275439308691833
57,57,0.0001922805706584851
37,37,0.0001896339768800213
43,43,0.0001894855164781802
9,9,0.00017809682465865312
113,113,0.00017558271131698882
61,61,0.0001714824390158939
116,116,0.00016814444381447257
24,24,0.00016679893896918876
117,117,0.0001665080291410987
49,49,0.00016425640053519683
111,111,0.00016301014393645536
66,66,0.00016055995674717468
122,122,0.00015867156411025334
30,30,0.0001562163174447409
52,52,0.00015257678560597472
72,72,0.00014608333591795196
34,34,0.00014515437845484013
99,99,0.00014490270027202616
44,44,0.00014486621640111982
59,59,0.00014393401309149294
84,84,0.00014047183850126007
20,20,0.0001401301245267059
126,126,0.00013946957110940744
75,75,0.00013884637608536677
17,17,0.00013636936658475166
21,21,0.0001357384822047723
108,108,0.00013251983972780348
16,16,0.00013182425655031116
55,55,0.00012884817792109706
95,95,0.00012848963360498624
121,121,0.00012770850252410515
101,101,0.00012675979691151995
105,105,0.00012614895159453443
12,12,0.00012410685248152623
103,103,0.00012405196899936187
1,1,0.000123748755308797
70,70,0.00012270977034743141
28,28,0.00011940765482665017
23,23,0.00011569962794335651
3,3,0.00011543988268052815
0,0,0.00011517410620841204
127,127,0.00011500499510412918
38,38,0.00011380832761749847
14,14,0.00010946749858484122
18,18,0.00010913514692180948
96,96,0.0001082493394046192
94,94,0.000106588375657624
80,80,0.00010445981884159007
85,85,0.00010434078013247
46,46,0.00010291355595767573
76,76,0.00010267952677647176
51,51,0.00010260884658378948
81,81,0.00010202490026047988
63,63,9.885026238360108e-05
71,71,9.849276256961863e-05
64,64,9.683952884853263e-05
82,82,9.649982749721635e-05
112,112,9.647587547419017e-05
89,89,9.617586858847685e-05
93,93,9.444635158149685e-05
25,25,9.37276945876063e-05
15,15,9.352544134468993e-05
73,73,9.225005784173123e-05
128,128,9.211624250936008e-05
107,107,9.10275817910422e-05
29,29,9.055587316991719e-05
92,92,8.942795917970987e-05
32,32,8.901569744949954e-05
90,90,8.829732316939694e-05
125,125,8.519872243037882e-05
60,60,8.498752518605265e-05
10,10,8.415939289594327e-05
4,4,7.252312413270751e-05
106,106,7.117719507947654e-05
100,100,7.003771644626982e-05
41,41,6.799356350136583e-05
