,Feature,Score
44,44,0.003966448033900075
8,8,0.0029836582736923137
7,7,0.0025537016792546454
13,13,0.0015009788451381756
27,27,0.0013038746356862716
40,40,0.0011060454307063837
6,6,0.0009701496093368096
42,42,0.0006001131231177957
88,88,0.0005209914787783858
11,11,0.0005149952234558925
126,126,0.0005107143168495083
55,55,0.0005003158001105454
23,23,0.0004924143339600183
137,137,0.00048438013182821026
47,47,0.0004820112565512282
160,160,0.00046134647366246804
1,1,0.0004543299498393675
32,32,0.0004536807063812919
56,56,0.00044229865826669743
66,66,0.00043643523405395503
33,33,0.0004001249679233275
49,49,0.00039626513532862214
124,124,0.0003935550275567074
4,4,0.00037528489344357924
159,159,0.00037512586111167694
119,119,0.00036784762665784457
63,63,0.0003573067438972929
30,30,0.0003570325174818198
108,108,0.00034741020709037044
2,2,0.00033833189671788336
9,9,0.0003086720023464563
98,98,0.00030674578115799547
123,123,0.0003000296177965572
5,5,0.0002975777599617903
46,46,0.0002938144548074738
34,34,0.0002910100417640644
16,16,0.00029073981174688063
38,38,0.00028733939814727135
0,0,0.000284503428413879
121,121,0.0002755194345345946
75,75,0.00027381163782621106
148,148,0.00026915710067698916
120,120,0.0002660976482629068
170,170,0.0002638260090515459
71,71,0.0002579466786855241
35,35,0.00025464383229730815
176,176,0.00024511572431367654
15,15,0.00024490825219703046
21,21,0.00024034943454612177
82,82,0.0002365765924499475
93,93,0.00023415355953262693
122,122,0.00023058245860307328
90,90,0.00022880943921490412
12,12,0.00022645714239261197
85,85,0.00022466067121793332
20,20,0.0002149397961762845
74,74,0.00021440515415055032
94,94,0.0002114113076774656
163,163,0.00020992713661666446
144,144,0.00020845036129708068
51,51,0.00020586341832408775
158,158,0.00020582900872521013
156,156,0.0001999573041886191
96,96,0.00019678907336016785
25,25,0.00019581000040905602
100,100,0.00019498195332766916
80,80,0.00019166663662176806
140,140,0.0001889482962518905
117,117,0.00018643283811987542
39,39,0.0001847087091122924
3,3,0.00018249918806380322
175,175,0.00018150233588696104
73,73,0.0001811978283926
179,179,0.0001775626673010084
116,116,0.0001740915936267729
53,53,0.00017378703709441373
165,165,0.00017229127134073643
68,68,0.00017136093550012763
110,110,0.00016999553474474625
128,128,0.000167366580459522
37,37,0.000167001420382915
136,136,0.0001645796688461651
157,157,0.00016440433197626594
43,43,0.0001641154162258679
146,146,0.00016284379575946277
177,177,0.0001625333351049136
114,114,0.00016131878366295254
131,131,0.00016024421098008643
26,26,0.00015694962599488094
81,81,0.00015639877026951156
138,138,0.00015620874836341534
102,102,0.00015545619452376772
168,168,0.00015437869775175014
72,72,0.0001542099017203963
101,101,0.00015353940099732756
130,130,0.0001531352627278877
18,18,0.00015215959343842673
142,142,0.00014948508391626888
111,111,0.00014797931738854927
104,104,0.00014707243535812546
50,50,0.00014440315528209337
19,19,0.00014329207314629715
162,162,0.00014188702573064441
149,149,0.00014095236726497477
86,86,0.00014013344606107718
64,64,0.00013956916908426252
24,24,0.00013939646264349618
181,181,0.0001385196675223995
89,89,0.00013819579159700786
172,172,0.0001380637123299716
61,61,0.00013789513224567656
95,95,0.000137357410845943
180,180,0.00013715564550528177
173,173,0.00013692241786863977
129,129,0.00013692075456547663
169,169,0.00013670917801271088
97,97,0.0001349828423517484
87,87,0.00013220980705378805
161,161,0.00013206463535021462
125,125,0.0001316097610507136
17,17,0.00013074391946883175
103,103,0.0001301124407107708
143,143,0.00012733511403545956
91,91,0.00012715707493552033
154,154,0.00012464593695046505
52,52,0.00012345107041971247
57,57,0.00012331406298881118
167,167,0.00012308119564030973
147,147,0.00012171873848331496
79,79,0.00012089110536435215
150,150,0.00012009640997224684
141,141,0.00011983964132189385
14,14,0.00011867442568712083
127,127,0.00011726910314021175
58,58,0.00011476080255045295
99,99,0.0001135940865708302
171,171,0.0001129169006326961
10,10,0.00011257125272575501
78,78,0.00011245005019284048
133,133,0.00011198942582615014
151,151,0.00011101185229507722
164,164,0.00011099049577153294
178,178,0.00010903642752328357
62,62,0.0001085603372544584
135,135,0.00010726092658375867
152,152,0.00010682726166588835
112,112,0.00010681427228775008
54,54,0.00010665861169688608
76,76,0.00010561485604131183
48,48,0.00010311434845143585
36,36,0.00010286913195330568
109,109,0.00010276109633881143
83,83,0.00010256645491823896
92,92,0.00010255115932559928
67,67,0.00010210615463173264
45,45,0.00010188230791829293
174,174,0.00010183568447748117
153,153,0.00010161414667686044
166,166,0.0001013638395813238
22,22,0.0001009602097250962
139,139,0.00010073579847156387
106,106,0.00010053025101972225
41,41,9.970742629493366e-05
59,59,9.945874373369786e-05
69,69,9.883980262479487e-05
132,132,9.821659430722649e-05
29,29,9.793873340841781e-05
118,118,9.792743386929779e-05
134,134,9.749549551839868e-05
31,31,9.441462581446323e-05
28,28,9.42128862760155e-05
105,105,9.420085053415648e-05
107,107,9.385378727787416e-05
84,84,9.253597765976016e-05
60,60,9.086605847731047e-05
115,115,8.983198635199673e-05
65,65,8.941208371594079e-05
70,70,8.853382449078992e-05
155,155,8.82352721013148e-05
113,113,8.524609673284597e-05
77,77,8.459137120976512e-05
145,145,8.435990663462517e-05
