,Feature,Score
113,113,0.0036419553917910654
71,71,0.0032020946664702895
52,52,0.0031109361748940484
70,70,0.002762870794282018
112,112,0.002542771027592767
21,21,0.002187086770165436
125,125,0.0021718410775418496
96,96,0.0021649399371655854
50,50,0.0019696691977171958
48,48,0.0019134151622511501
37,37,0.001911741750814734
12,12,0.0017271001074098517
44,44,0.0016613009648507896
108,108,0.0016100375299909952
75,75,0.0014273560367402548
64,64,0.0014070427536570082
22,22,0.0013751992728108918
76,76,0.001323788910643589
103,103,0.0012790313267227074
66,66,0.001275060565875398
86,86,0.001266652265476323
122,122,0.001177908989093461
23,23,0.001174478283473779
10,10,0.0011605667949684817
77,77,0.0011178836278009719
58,58,0.001102174496560341
79,79,0.0010955377087010804
33,33,0.0010741408906462311
129,129,0.0010316693303223854
67,67,0.0010213147216995284
82,82,0.0010098104334154683
81,81,0.0010003569621263343
20,20,0.000982105701356126
72,72,0.0009596193834752638
61,61,0.0009430918997753768
60,60,0.0009263941520702498
16,16,0.0008773108767523748
114,114,0.0008358817676514282
32,32,0.0008354735202659209
11,11,0.000826296671480692
27,27,0.0008246308739242649
5,5,0.0008173259525714229
104,104,0.0008064213702183906
63,63,0.0007919625959574548
73,73,0.0007584301425097124
13,13,0.0007331540169666016
35,35,0.0007326254221167405
83,83,0.0007279734394668691
85,85,0.0007206557273898225
111,111,0.0007051747751633616
115,115,0.0007015614956254101
128,128,0.0006971076098035102
89,89,0.0006478995517229467
34,34,0.0006418379033894992
31,31,0.0006255358919766453
107,107,0.0006252399163968945
68,68,0.0006234208223649776
80,80,0.0006210834531458468
18,18,0.0006145835915232509
25,25,0.0006143704457651996
118,118,0.000595525671957459
2,2,0.0005797785704772145
47,47,0.0005612558106968789
40,40,0.0005327387327915075
91,91,0.000529311075436591
69,69,0.0005168891053968645
102,102,0.0005094629004252139
0,0,0.0005086360252371027
30,30,0.000507839953268358
8,8,0.0004993979648002485
93,93,0.0004933965299473555
53,53,0.0004925529413634219
109,109,0.0004901835983899927
100,100,0.00048286219043012113
126,126,0.00047053649885211437
46,46,0.0004583849965053014
98,98,0.0004543377826523217
84,84,0.0004456332229949053
92,92,0.0004431724570750336
124,124,0.0004366197865187548
42,42,0.00042852158195100026
94,94,0.00042758652175436246
7,7,0.00041916448205292576
24,24,0.00041834272164262195
19,19,0.00041553808278488666
59,59,0.0004113615009950431
62,62,0.0004094496998799333
87,87,0.0004093381189721964
15,15,0.00039754247495821
57,57,0.00039219438715593335
14,14,0.0003900947994756559
101,101,0.00038994050721630907
120,120,0.00038355076739810467
41,41,0.0003773063942048363
51,51,0.0003724894749468873
106,106,0.0003292655480897993
6,6,0.00032383875214492676
119,119,0.0003039554196511202
38,38,0.0002979259630720683
26,26,0.00029739534085679585
3,3,0.0002893201527969781
90,90,0.000286701864868594
28,28,0.00028411296362636235
29,29,0.00028033378738355887
43,43,0.00027338818061571266
56,56,0.00027237376253554975
105,105,0.0002499842986565038
74,74,0.00024441105254423154
36,36,0.00024129482063109503
9,9,0.00023482667377805748
95,95,0.0002248002728655252
121,121,0.00022215114502821052
17,17,0.00021952389031388612
39,39,0.00021722897629781093
65,65,0.00021655355052234475
4,4,0.00021472407906623027
116,116,0.00021442956789939274
55,55,0.00021238048336310654
117,117,0.0002094612738303495
99,99,0.00020411232329382053
110,110,0.00020010241023768412
49,49,0.0001973648140690698
78,78,0.00018529284822154589
88,88,0.00018318271306349694
97,97,0.00017405294777769536
45,45,0.00015995080463732095
54,54,0.00015822402279407345
127,127,0.00014545436627632795
123,123,0.0001365949718324006
1,1,0.0001354536532765417
