,Score,Feature
0,0.0035112480294295896,[142]
1,0.002190415610033491,[139]
2,0.0016465512595893264,[141]
3,0.0016433677365610129,[147]
4,0.0009763197341418891,[146]
5,0.0008084963211435354,[149]
6,0.000656230956097631,[80]
7,0.0006300264218461805,[116]
8,0.0006181111673311324,[100]
9,0.0004873679533482078,[74]
10,0.00045598783759162153,[298]
11,0.0003927325034316645,[20]
12,0.000375581478916492,[260]
13,0.0003555831484918494,[148]
14,0.0003455816285454486,[92]
15,0.000336476098990178,[143]
16,0.00033269714076025416,[138]
17,0.0003250821757867734,[234]
18,0.0003237517369172983,[137]
19,0.0003203468761254926,[278]
20,0.0003202678564172458,[160]
21,0.00031483550469094736,[57]
22,0.00030883602877178665,[3]
23,0.0002992865956401494,[1]
24,0.00029190192040488936,[54]
25,0.0002758504111525382,[131]
26,0.00025583639575553566,[151]
27,0.0002469218911521455,[250]
28,0.0002448841150886228,[34]
29,0.00023864298248177382,[265]
30,0.00023443179689028402,[145]
31,0.00022785003724254966,[201]
32,0.00022390242032523393,[289]
33,0.00022164255347581832,[157]
34,0.00021619027376888408,[304]
35,0.00021389045061126298,[45]
36,0.00020743774595371494,[228]
37,0.00020660830226523663,[69]
38,0.00020653717948185046,[305]
39,0.00020344742101477954,[217]
40,0.00020283015679626343,[213]
41,0.00020268230455998117,[273]
42,0.0002024602551495201,[97]
43,0.00020230083942528523,[8]
44,0.0002011986114109632,[219]
45,0.00019996958329824836,[9]
46,0.00019955928425547246,[277]
47,0.0001992479996204148,[111]
48,0.00019509414583592118,[128]
49,0.00019417257330971234,[204]
50,0.00019323817912222433,[193]
51,0.00019299351401742948,[299]
52,0.00019271513482857567,[48]
53,0.00018946743088865968,[170]
54,0.00018570805818623833,[244]
55,0.00018561582322237368,[0]
56,0.00018404582013369905,[179]
57,0.00018285715240015923,[86]
58,0.00017948137422252439,[284]
59,0.00017848120785993155,[240]
60,0.00017755705228200827,[77]
61,0.00017243610106026103,[286]
62,0.00016532133159365107,[30]
63,0.0001650804322985946,[205]
64,0.0001634510859368003,[101]
65,0.00016325137765350816,[183]
66,0.0001553563611351688,[269]
67,0.00015338209950658388,[65]
68,0.00015311812021835623,[206]
69,0.00014895146092882902,[203]
70,0.00014455939138932643,[161]
71,0.00014362626033940913,[264]
72,0.000142574403339896,[155]
73,0.00014131590596026805,[122]
74,0.0001410973920873455,[66]
75,0.00013876699055296248,[113]
76,0.00013646407904181307,[223]
77,0.00013508508484413737,[61]
78,0.00013440733144419163,[4]
79,0.00013104917692226156,[12]
80,0.00012681394452084845,[96]
81,0.00012634037197929916,[297]
82,0.00012577796172008856,[79]
83,0.00012404609617519587,[11]
84,0.00011761873068909424,[295]
85,0.00011722020209607801,[197]
86,0.00011202244860902432,[224]
87,0.0001112140093774448,[47]
88,0.00011026234019230362,[22]
89,0.00010838265191967455,[171]
90,0.00010785664277611733,[129]
91,0.0001072764750784441,[293]
92,0.00010516635288531376,[280]
93,0.00010456630823818918,[26]
94,0.00010416095241503622,[186]
95,0.00010352520123786145,[215]
96,0.00010308739042077298,[106]
97,9.600862859828245e-05,[16]
98,9.533886816551197e-05,[255]
99,9.459658583617039e-05,[144]
100,9.4273195155175e-05,[276]
101,9.312629602838836e-05,[214]
102,9.26503120688617e-05,[165]
103,8.929934646070575e-05,[246]
104,8.919613942669819e-05,[120]
105,8.554323845891298e-05,[85]
106,8.474600441244496e-05,[102]
107,8.353157513555939e-05,[243]
108,8.038360452750693e-05,[89]
109,8.012433179616741e-05,[187]
110,7.965012202582858e-05,[50]
111,7.660096683723156e-05,[202]
112,7.658967892254348e-05,[268]
113,7.653290301241772e-05,[21]
114,7.627439348906014e-05,[267]
115,7.438752711093631e-05,[251]
116,7.423233438583412e-05,[107]
117,7.24254080160592e-05,[136]
118,7.010726726646949e-05,[110]
119,7.003299182521085e-05,[294]
120,6.791786279543004e-05,[68]
121,6.790498266027221e-05,[222]
122,6.665429332373606e-05,[115]
123,6.481446863491505e-05,[27]
124,6.454838683131543e-05,[272]
125,6.37058933694447e-05,[39]
126,6.309293588251059e-05,[59]
127,6.304980862100036e-05,[29]
128,6.26113988940289e-05,[238]
129,6.177303429660803e-05,[95]
130,6.157119426238218e-05,[208]
131,5.98676478051309e-05,[62]
132,5.978759203502751e-05,[249]
133,5.589907544815284e-05,[121]
134,5.563461245032705e-05,[247]
135,5.4601903225159306e-05,[308]
136,5.285512844293836e-05,[73]
137,5.161639832999998e-05,[71]
138,5.1022762061826024e-05,[309]
139,5.017088972143023e-05,[252]
140,4.524388219433564e-05,[117]
141,4.393079629322513e-05,[162]
142,4.069813523832455e-05,[290]
143,3.942492611435683e-05,[60]
144,3.8388724217773885e-05,[303]
145,3.836989898026684e-05,[43]
146,3.769386491635506e-05,[248]
147,3.7428384480562135e-05,[41]
148,3.740236817567435e-05,[134]
149,3.672254107559686e-05,[24]
150,3.5868662123273394e-05,[159]
151,3.4212966618413916e-05,[283]
152,3.3443304254826064e-05,[126]
153,3.332744485287063e-05,[28]
154,3.1160106821633976e-05,[174]
155,2.9177312504448587e-05,[84]
156,2.866138700930573e-05,[182]
157,2.782273611120186e-05,[172]
158,2.7038786290997188e-05,[180]
159,2.5415867711898444e-05,[261]
160,2.4326859173420472e-05,[130]
161,2.4134564125151702e-05,[237]
162,2.3086641470170346e-05,[91]
163,2.272980708700624e-05,[140]
164,2.1688296880311624e-05,[109]
165,2.08888736122675e-05,[212]
166,1.9824651860669266e-05,[158]
167,1.8758778220407362e-05,[114]
168,1.8729238017536456e-05,[195]
169,1.8503892627684898e-05,[119]
170,1.830431326339725e-05,[185]
171,1.6710551051464253e-05,[306]
172,1.498760338479478e-05,[15]
173,1.3700454541038164e-05,[232]
174,1.2793417100186864e-05,[256]
175,1.2584835228056376e-05,[189]
176,9.837201972459737e-06,[123]
177,8.96449183917014e-06,[184]
178,5.5465480352295155e-06,[150]
179,5.43805697653233e-06,[18]
180,4.685068767158095e-06,[218]
181,4.351642275490003e-06,[118]
182,3.4800902065337063e-06,[239]
183,2.772240495400075e-06,[263]
184,1.959866903238083e-06,[52]
185,1.618634681200282e-06,[287]
186,8.280844783710664e-07,[254]
187,1.692333497921649e-07,[88]
188,-6.973825096152537e-07,[235]
189,-7.199502293270251e-07,[81]
190,-4.791693550179039e-06,[5]
191,-4.859832920477483e-06,[302]
192,-7.805504349851537e-06,[70]
193,-9.357991479563366e-06,[10]
194,-9.917610108262495e-06,[112]
195,-1.0794268924736851e-05,[207]
196,-1.0896172484803194e-05,[167]
197,-1.191329266151268e-05,[94]
198,-1.2810519926587709e-05,[55]
199,-2.1643416765924962e-05,[168]
200,-2.3292043738229282e-05,[301]
201,-2.343311021869162e-05,[191]
202,-2.446862952953882e-05,[181]
203,-2.4513834684615723e-05,[300]
204,-2.4905741778481337e-05,[259]
205,-2.4913277654806875e-05,[38]
206,-2.655340557997543e-05,[177]
207,-2.673252489114065e-05,[178]
208,-2.7524786174714284e-05,[40]
209,-2.91465113140161e-05,[229]
210,-2.9399307706856225e-05,[63]
211,-3.021719676271064e-05,[36]
212,-3.110078938104573e-05,[153]
213,-3.209987203386704e-05,[83]
214,-3.4252719097043504e-05,[99]
215,-3.760603496528892e-05,[285]
216,-3.7759542087678764e-05,[78]
217,-3.845092025735608e-05,[288]
218,-4.118992475437702e-05,[245]
219,-4.1521418858856824e-05,[72]
220,-4.345733319168164e-05,[37]
221,-4.418513052332147e-05,[292]
222,-4.4506454487399264e-05,[296]
223,-4.519936681596393e-05,[220]
224,-4.751399496997894e-05,[166]
225,-4.877592701616239e-05,[31]
226,-4.912429318110473e-05,[221]
227,-5.0940547382490467e-05,[270]
228,-5.1708936675725515e-05,[19]
229,-5.253839318197252e-05,[13]
230,-5.261500885096356e-05,[7]
231,-5.5542326874841564e-05,[164]
232,-5.668452784612197e-05,[211]
233,-5.70097697308501e-05,[103]
234,-5.804596184475828e-05,[58]
235,-5.8886832795038176e-05,[176]
236,-5.900862891851854e-05,[258]
237,-6.0031406440218885e-05,[17]
238,-6.028909797748892e-05,[42]
239,-6.040685745609123e-05,[275]
240,-6.0912840884039356e-05,[262]
241,-6.188375831410891e-05,[90]
242,-6.376299943060914e-05,[282]
243,-6.502479114193525e-05,[2]
244,-6.53406184535481e-05,[291]
245,-6.8735375900697e-05,[133]
246,-6.884748626342483e-05,[198]
247,-7.13342964377628e-05,[124]
248,-7.165182577973384e-05,[175]
249,-7.389398649616123e-05,[76]
250,-7.408668544292208e-05,[225]
251,-7.591016931871702e-05,[231]
252,-7.64015318779705e-05,[64]
253,-7.759268919490735e-05,[33]
254,-7.918019528877416e-05,[279]
255,-7.970418192956758e-05,[281]
256,-8.455500435773622e-05,[190]
257,-8.458737999764287e-05,[105]
258,-8.488426730680681e-05,[163]
259,-8.659293482923621e-05,[35]
260,-8.702953973001804e-05,[236]
261,-8.746421389091385e-05,[125]
262,-8.93821689052355e-05,[266]
263,-8.997942188279914e-05,[173]
264,-9.028060680398604e-05,[49]
265,-9.134726210254033e-05,[209]
266,-9.1469473993134e-05,[226]
267,-9.4770267096323e-05,[216]
268,-9.601929906860978e-05,[127]
269,-9.974968888862328e-05,[192]
270,-9.98116591989677e-05,[154]
271,-0.00010095296260901163,[274]
272,-0.00010200833538444761,[196]
273,-0.00010484529907372422,[135]
274,-0.0001068911739825046,[199]
275,-0.00010733052613807785,[241]
276,-0.00010877324543821199,[271]
277,-0.0001106972536027837,[75]
278,-0.00011151431110030303,[242]
279,-0.00011728703521336158,[257]
280,-0.00012419650902664636,[93]
281,-0.00012466344911912138,[233]
282,-0.0001247747285081465,[104]
283,-0.00012578598428928878,[194]
284,-0.00012690397453651037,[53]
285,-0.0001298227106867172,[169]
286,-0.00012983683337404207,[188]
287,-0.0001354002509709825,[32]
288,-0.0001418976069673963,[152]
289,-0.0001657063099192406,[44]
290,-0.00017357124730234572,[23]
291,-0.00017590531982277294,[108]
292,-0.00017793662980026997,[25]
293,-0.00018327009938684738,[67]
294,-0.00018454316000101492,[82]
295,-0.00018838705672746708,[14]
296,-0.0001968798197525667,[200]
297,-0.00019931580762997577,[132]
298,-0.0001993311614051744,[156]
299,-0.0002069903209115949,[6]
300,-0.00021260145971934542,[98]
301,-0.00021629690109087758,[56]
302,-0.00022327833213384504,[227]
303,-0.0002330466198423462,[46]
304,-0.00023831478334551017,[87]
305,-0.00024462377591905087,[307]
306,-0.00026263033721763107,[253]
307,-0.0002660585218389547,[210]
308,-0.0002698724418018416,[51]
309,-0.00032743684398141656,[230]
