,Score,Feature
0,0.0009011089800711396,[18]
1,0.0005069261763748055,[7]
2,0.00039950228489189543,[12]
3,0.00036131917162727053,[29]
4,0.0003361590154218044,[71]
5,0.0003154460122150828,[87]
6,0.00031212819450382895,[37]
7,0.000288381893381235,[24]
8,0.00026684899395051936,[90]
9,0.0002614715952076848,[31]
10,0.00020430072301668966,[65]
11,0.0002034668833119692,[89]
12,0.0002025321555016497,[9]
13,0.00018796327577937807,[116]
14,0.00018753473886930287,[75]
15,0.000181295300817078,[3]
16,0.00017557052784855358,[60]
17,0.00017277068445841027,[30]
18,0.00016429422661567284,[79]
19,0.0001420603349626946,[108]
20,0.00013690152117548272,[100]
21,0.00011917699971298816,[113]
22,0.00011142012250992087,[81]
23,0.00010793650162487062,[8]
24,0.00010672063676393349,[95]
25,0.00010637685502822188,[34]
26,0.00010548501830138823,[53]
27,0.0001053271472355491,[39]
28,8.705436629505666e-05,[58]
29,8.216679949304956e-05,[73]
30,8.208815816146421e-05,[4]
31,8.155018740007894e-05,[106]
32,7.746948512764411e-05,[104]
33,7.069317820464375e-05,[25]
34,6.668991988914608e-05,[44]
35,6.23540092305857e-05,[46]
36,6.103746911032379e-05,[59]
37,5.8308637906905146e-05,[0]
38,5.824521397386592e-05,[102]
39,5.632318050048722e-05,[105]
40,5.3444383338875446e-05,[115]
41,5.3411769978704156e-05,[10]
42,4.698650834929136e-05,[76]
43,4.508915772331958e-05,[28]
44,4.400912986427267e-05,[88]
45,4.3579124525126034e-05,[70]
46,4.232966973395302e-05,[66]
47,4.1922559863861444e-05,[112]
48,3.6240301973963574e-05,[99]
49,3.515169080362425e-05,[72]
50,2.8146446083242757e-05,[1]
51,2.3222693541372412e-05,[103]
52,1.9248229353160754e-05,[16]
53,1.8039136309351293e-05,[6]
54,1.661161262646954e-05,[128]
55,1.6361614295393888e-05,[80]
56,1.3519564308581106e-05,[74]
57,1.0869154222764237e-05,[123]
58,8.812318729371207e-06,[121]
59,5.660220902587762e-06,[43]
60,1.4512216039839193e-06,[21]
61,1.802468005222849e-07,[45]
62,-4.2017607621493943e-07,[56]
63,-7.28622477478065e-07,[129]
64,-2.185589675098442e-06,[94]
65,-2.8765187611708598e-06,[54]
66,-6.840189042090371e-06,[5]
67,-7.1167816428765405e-06,[32]
68,-1.062384160034505e-05,[126]
69,-1.0703435686902802e-05,[96]
70,-1.1921594696881637e-05,[82]
71,-1.2347577667368686e-05,[69]
72,-1.401987620660697e-05,[40]
73,-1.8204311639655305e-05,[42]
74,-1.943338248666166e-05,[120]
75,-2.0848577869625426e-05,[61]
76,-2.565974355113257e-05,[36]
77,-2.611905356070651e-05,[26]
78,-2.6963681875287024e-05,[48]
79,-3.8698600998669466e-05,[118]
80,-4.268266143777373e-05,[27]
81,-4.9237648475566346e-05,[84]
82,-5.200766612088841e-05,[17]
83,-5.50268287854901e-05,[91]
84,-5.557266666232133e-05,[57]
85,-5.652397698194717e-05,[23]
86,-5.8277172526584854e-05,[93]
87,-6.0628842713599304e-05,[41]
88,-7.01671758296289e-05,[62]
89,-7.026874274194729e-05,[67]
90,-7.240982595219849e-05,[63]
91,-7.558354626693675e-05,[47]
92,-7.775794692045014e-05,[92]
93,-8.265482937271195e-05,[122]
94,-8.37367313514874e-05,[22]
95,-8.491564284851492e-05,[119]
96,-8.882544289746273e-05,[15]
97,-9.01060797962732e-05,[68]
98,-9.035602306213221e-05,[64]
99,-9.494708061186836e-05,[38]
100,-0.00010342524648344956,[101]
101,-0.00010889157379084827,[11]
102,-0.00011332045713507623,[20]
103,-0.00012062779421449911,[110]
104,-0.00013374330047217212,[111]
105,-0.0001376255689072,[55]
106,-0.0001376883163512781,[114]
107,-0.00013772108054161924,[83]
108,-0.00014315853010776072,[117]
109,-0.00014449712610944723,[125]
110,-0.00014674568933411398,[51]
111,-0.0001585804357476249,[85]
112,-0.00016425010680639807,[124]
113,-0.0001656197593491902,[2]
114,-0.00017341915049443564,[50]
115,-0.00017657118419430227,[14]
116,-0.00018334486343781357,[107]
117,-0.00018599557432036324,[13]
118,-0.00019609985587240076,[97]
119,-0.00019824025622681787,[52]
120,-0.00020126934262096932,[19]
121,-0.00020253357850909305,[35]
122,-0.00020268593248685675,[77]
123,-0.00020662279861729786,[127]
124,-0.00020937983861475497,[86]
125,-0.0002202692025958961,[33]
126,-0.00023426151912102228,[109]
127,-0.00023736162695529674,[98]
128,-0.000274861455691961,[78]
129,-0.00028295424025745155,[49]
