,Score,Feature
0,0.0062232753474826845,[44]
1,0.005619286617720088,[8]
2,0.0031486845051465324,[7]
3,0.002316175818762564,[13]
4,0.0017659502411599827,[40]
5,0.0009807539598020484,[27]
6,0.0007774662248648478,[6]
7,0.0007517212844123725,[4]
8,0.0006294581198664457,[11]
9,0.000595653476629324,[114]
10,0.0005870851875123332,[137]
11,0.000556162853779953,[55]
12,0.000531938365100914,[160]
13,0.0005171106916934723,[32]
14,0.000513931970823473,[16]
15,0.0004936070018426686,[85]
16,0.00045849451906600144,[1]
17,0.00045610108803510464,[158]
18,0.0004305432595918841,[66]
19,0.0004289052363294979,[100]
20,0.00039161246428296017,[68]
21,0.0003692795023765042,[56]
22,0.00035388519593564815,[35]
23,0.0003538286820552999,[39]
24,0.00034758291779583985,[61]
25,0.00032344027404726023,[108]
26,0.00032092298748411,[52]
27,0.00031025428747441465,[64]
28,0.000285314974045601,[14]
29,0.00027228925170661524,[89]
30,0.0002688902470372323,[53]
31,0.0002686642446210465,[50]
32,0.00026760584832280943,[34]
33,0.00026229483885134423,[103]
34,0.0002590817812801702,[111]
35,0.00025509431276617346,[121]
36,0.00023910067600346177,[59]
37,0.0002322809421082612,[135]
38,0.0002283824168407159,[38]
39,0.00022529492311511653,[42]
40,0.0002233683439656444,[164]
41,0.0002176709083765789,[21]
42,0.00020221954877541789,[177]
43,0.0001995652779411558,[2]
44,0.00019247450777822814,[0]
45,0.00018822400823901385,[48]
46,0.0001866693762268952,[126]
47,0.00018072271109009322,[156]
48,0.00017923355531938067,[148]
49,0.00017518136646962128,[12]
50,0.00017263781584116,[146]
51,0.0001696840883816491,[95]
52,0.00016340307125921357,[74]
53,0.00016229811901544706,[119]
54,0.0001613054131122329,[173]
55,0.00016005950607190863,[73]
56,0.00015795832081308897,[117]
57,0.0001527277214120199,[166]
58,0.0001505580544320064,[165]
59,0.00014852641268274793,[25]
60,0.00014825264958918632,[29]
61,0.00014748977309150195,[9]
62,0.00014565881977153988,[31]
63,0.00014266684468338943,[163]
64,0.0001414362935909209,[57]
65,0.00013931727597653104,[51]
66,0.00013876332917780277,[174]
67,0.00013361477814807739,[125]
68,0.0001327005524140264,[33]
69,0.00012455877844040397,[70]
70,0.00011989960919957634,[179]
71,0.0001164774412354284,[81]
72,0.00011353685147588736,[67]
73,0.00010225499853947287,[133]
74,0.00010162740907178885,[80]
75,9.795986217826669e-05,[36]
76,9.001012228402399e-05,[71]
77,8.935191862653054e-05,[82]
78,8.572759586681597e-05,[92]
79,8.4057303613629e-05,[26]
80,7.892395399733484e-05,[159]
81,7.519023022920325e-05,[123]
82,7.400250548453624e-05,[37]
83,7.157119543396638e-05,[131]
84,7.126068882854052e-05,[43]
85,7.03935876841641e-05,[162]
86,6.958471438027013e-05,[19]
87,6.622126843986946e-05,[88]
88,5.3775206309825065e-05,[101]
89,5.35637742951822e-05,[138]
90,4.691732896557546e-05,[154]
91,4.08888872918759e-05,[120]
92,3.6183998628757225e-05,[134]
93,3.483026583175477e-05,[84]
94,2.1444432970900845e-05,[107]
95,2.0419443565018536e-05,[118]
96,1.443174196581583e-05,[167]
97,1.3782515603134264e-05,[76]
98,1.0914816587396217e-05,[63]
99,2.0123131806511237e-06,[175]
100,2.6536995764428714e-07,[5]
101,-1.2268756892617822e-06,[72]
102,-1.2546293115181205e-06,[10]
103,-4.596326216448949e-06,[23]
104,-6.544074934010439e-06,[18]
105,-8.288679077764096e-06,[176]
106,-1.0683118955226087e-05,[113]
107,-1.1943713266175819e-05,[180]
108,-1.4469973441550813e-05,[22]
109,-1.958574042393801e-05,[77]
110,-2.130026160973318e-05,[102]
111,-2.140606815189255e-05,[143]
112,-2.940637175282538e-05,[144]
113,-2.988825705453115e-05,[75]
114,-3.0055421761923315e-05,[54]
115,-3.578730549305745e-05,[157]
116,-3.9622606785612195e-05,[178]
117,-4.027370093223579e-05,[45]
118,-5.174577215712359e-05,[17]
119,-5.2993563085666926e-05,[127]
120,-5.5048496171991e-05,[87]
121,-5.7566785740578624e-05,[142]
122,-6.058359383475722e-05,[116]
123,-6.296765471361998e-05,[30]
124,-6.480448807784302e-05,[28]
125,-6.934959287794525e-05,[93]
126,-7.134724371429902e-05,[65]
127,-7.208511336191529e-05,[150]
128,-8.3738817151239e-05,[96]
129,-8.419204254975248e-05,[60]
130,-8.72436149555001e-05,[104]
131,-8.918420849199279e-05,[3]
132,-9.263241956792183e-05,[99]
133,-9.403234278483308e-05,[41]
134,-9.603740303998183e-05,[90]
135,-9.792943790973368e-05,[130]
136,-0.00010278584909157259,[49]
137,-0.00010394042148987982,[62]
138,-0.00010992101853795509,[47]
139,-0.00011609681660454956,[86]
140,-0.00011961825594666685,[140]
141,-0.00012002576412076244,[110]
142,-0.0001232195190265856,[145]
143,-0.00012861113759599609,[161]
144,-0.0001312830990117489,[168]
145,-0.00013345905936851523,[15]
146,-0.000134494861869081,[124]
147,-0.00014208641173211328,[46]
148,-0.00014719954854910795,[141]
149,-0.00015257551003061473,[97]
150,-0.00015432995281325744,[105]
151,-0.0001559106254980913,[94]
152,-0.0001630244249481253,[139]
153,-0.0001748881698604889,[128]
154,-0.0001752258776379431,[24]
155,-0.0001810001479294588,[147]
156,-0.00018675346773286148,[122]
157,-0.00018733744903981923,[69]
158,-0.00018737950942656037,[83]
159,-0.00018844413569429555,[171]
160,-0.0001943806409123476,[98]
161,-0.0001944232475335956,[181]
162,-0.000204105283287082,[112]
163,-0.00020626483067284217,[132]
164,-0.00020902475222715766,[20]
165,-0.00021738103853928485,[106]
166,-0.00021941823885039194,[109]
167,-0.00022775353766046603,[78]
168,-0.00024318493857590867,[58]
169,-0.0002504667530566249,[136]
170,-0.00026628452248107396,[91]
171,-0.0002740932874800195,[149]
172,-0.0002746362111245788,[79]
173,-0.0002748170699448361,[151]
174,-0.0003098589921932122,[170]
175,-0.00033004698632315636,[129]
176,-0.00033705807087004486,[169]
177,-0.0003503515637806562,[152]
178,-0.0003728288375257352,[155]
179,-0.00038306209263439737,[172]
180,-0.00046828790796810555,[153]
181,-0.0005211203849596416,[115]
