,Score,Feature
0,0.0009611757720646815,[141]
1,0.0009424513355129697,[139]
2,0.0008805862120968251,[143]
3,0.0008621021263159866,[145]
4,0.0008614432455617372,[142]
5,0.0007925047211751329,[138]
6,0.0007388130386046859,[92]
7,0.0007045396945595218,[149]
8,0.0006623567147601033,[65]
9,0.0006160605225304208,[146]
10,0.0005355983135157836,[148]
11,0.0005128628394845591,[21]
12,0.0004686322211622198,[74]
13,0.0004653915306888289,[187]
14,0.000419300462799404,[24]
15,0.0004175750548929837,[100]
16,0.0004007790131093741,[263]
17,0.0003977486903970419,[147]
18,0.00039259124636091905,[80]
19,0.0003790785525531189,[240]
20,0.00036175334769524193,[89]
21,0.00035803166549047607,[157]
22,0.00034140961955111683,[38]
23,0.0003338416127124526,[54]
24,0.00033105638161890215,[237]
25,0.00032227075644914414,[191]
26,0.00030556792136408726,[190]
27,0.00030268033652545556,[59]
28,0.000300288266499691,[158]
29,0.00029787811660459166,[1]
30,0.0002971412245534216,[281]
31,0.00029562647705578686,[14]
32,0.0002905875538609274,[298]
33,0.00028997786746640146,[308]
34,0.00028916349062273915,[273]
35,0.00028419404527260097,[17]
36,0.00028343028436024644,[131]
37,0.0002729821047122914,[93]
38,0.00027041355715612815,[77]
39,0.00026772641331007906,[37]
40,0.0002675722925812271,[182]
41,0.00026725757494024257,[96]
42,0.00026667123035339425,[98]
43,0.00026095203454019834,[3]
44,0.00024550855160601555,[165]
45,0.00023980657755503666,[156]
46,0.00023918579280478926,[181]
47,0.00023894989374163367,[286]
48,0.0002353574712349815,[248]
49,0.00022494409523474203,[295]
50,0.00022314771963116172,[11]
51,0.00022120627759191419,[57]
52,0.00021527105341552787,[270]
53,0.00021438197915346112,[60]
54,0.00021412723148606073,[198]
55,0.00021121795746623762,[47]
56,0.00020773845389041279,[46]
57,0.00020548813561227326,[22]
58,0.00020303803813341272,[233]
59,0.0002019581862939229,[264]
60,0.00020008378804051182,[293]
61,0.00019993368775271823,[215]
62,0.00019660429198363501,[269]
63,0.00019309018315107534,[30]
64,0.00019022396774040024,[304]
65,0.00018949453651365128,[271]
66,0.00018915895013627273,[300]
67,0.000187098196209216,[2]
68,0.00018400180350888854,[95]
69,0.00018374705557117912,[140]
70,0.00018290534578433774,[108]
71,0.00018272093160360636,[78]
72,0.00018170958338946383,[88]
73,0.00018055379724377736,[302]
74,0.00017929392044669441,[303]
75,0.00017681133245181236,[101]
76,0.00017561137427792993,[170]
77,0.00017226213273149389,[223]
78,0.0001705253039437324,[267]
79,0.0001702417194136458,[137]
80,0.00016463715240036907,[255]
81,0.0001625010470343922,[288]
82,0.00015758401230646366,[225]
83,0.00015484286562468484,[12]
84,0.0001515009283020296,[236]
85,0.00015049998248672222,[105]
86,0.00014930753393851571,[250]
87,0.00014914006703644099,[10]
88,0.0001452960144983001,[301]
89,0.0001444333707863611,[7]
90,0.0001395596488099244,[299]
91,0.00013947274493486664,[13]
92,0.00013675898624620792,[257]
93,0.00013406898154858367,[23]
94,0.00013241635861778431,[214]
95,0.00013112227698754364,[121]
96,0.0001283319273013259,[272]
97,0.0001281614927541345,[297]
98,0.00012745788980974285,[231]
99,0.00012645339747844548,[228]
100,0.00012363742654405388,[276]
101,0.00012248130224364883,[278]
102,0.00012065827950164779,[0]
103,0.00011920067331416232,[184]
104,0.00011764970238968744,[87]
105,0.0001165090074391731,[176]
106,0.00011451775156076161,[161]
107,0.00011447903229314167,[212]
108,0.00011356137553711075,[16]
109,0.0001133772017094272,[114]
110,0.00011230703162067997,[41]
111,0.00011214223075420887,[230]
112,0.00011061306993880153,[116]
113,0.00010851933460202207,[152]
114,0.00010634694028334481,[174]
115,9.98911784579799e-05,[104]
116,9.807665613290525e-05,[128]
117,9.743698189514159e-05,[115]
118,9.675203051485789e-05,[29]
119,9.638752821263479e-05,[197]
120,9.414326791552354e-05,[224]
121,9.395435972239857e-05,[39]
122,9.283861008929402e-05,[175]
123,9.240512656783924e-05,[229]
124,8.775471032432627e-05,[207]
125,8.770626835301123e-05,[66]
126,8.69211971585565e-05,[216]
127,8.548155440673117e-05,[8]
128,8.472100687890365e-05,[200]
129,8.425922464967821e-05,[113]
130,8.285398339126962e-05,[4]
131,8.164200719445251e-05,[262]
132,8.053796217808432e-05,[50]
133,8.008354024189224e-05,[71]
134,7.905671758776441e-05,[245]
135,7.799153930312517e-05,[112]
136,7.653572847035717e-05,[283]
137,7.652419563487968e-05,[289]
138,7.464311725418987e-05,[83]
139,7.457250798524635e-05,[277]
140,7.285543021266042e-05,[206]
141,7.083930945734826e-05,[210]
142,7.066932655902221e-05,[120]
143,7.057027891239003e-05,[150]
144,7.030592209738757e-05,[64]
145,7.007360164225017e-05,[239]
146,6.806011242109681e-05,[306]
147,6.416500248823631e-05,[232]
148,6.083327591366183e-05,[79]
149,5.806963925869e-05,[127]
150,5.590717494346276e-05,[201]
151,5.5303864262706393e-05,[109]
152,5.4612178807365464e-05,[227]
153,4.92512386419078e-05,[122]
154,4.54944599325579e-05,[285]
155,4.4768867716734297e-05,[205]
156,4.401718182963349e-05,[193]
157,4.2928551964972406e-05,[82]
158,4.2039783793420895e-05,[81]
159,3.700807038297456e-05,[124]
160,3.5532629371609866e-05,[106]
161,3.3160371638449725e-05,[103]
162,3.180303098517645e-05,[43]
163,3.173362904126498e-05,[241]
164,2.766477568197673e-05,[97]
165,2.6167900282008707e-05,[34]
166,2.59810615138213e-05,[107]
167,2.547371487541081e-05,[67]
168,2.3329050086433105e-05,[42]
169,2.2969481191986264e-05,[279]
170,2.265202887212582e-05,[254]
171,2.182180726143805e-05,[291]
172,2.0680832238209888e-05,[282]
173,1.8848254870949337e-05,[133]
174,1.841420254348635e-05,[55]
175,1.6580338609561025e-05,[258]
176,1.612011761744895e-05,[202]
177,1.4530469298619793e-05,[85]
178,1.2940323167019891e-05,[179]
179,1.171020695328775e-05,[307]
180,1.1326403625600712e-05,[35]
181,7.453282401336469e-06,[61]
182,5.0753095494267066e-06,[268]
183,4.5757874717278e-06,[169]
184,4.189697199899174e-06,[238]
185,2.683904332096886e-06,[119]
186,7.717788996685389e-07,[126]
187,7.267747575815742e-07,[58]
188,6.121780248215855e-07,[195]
189,-4.278269275911453e-07,[6]
190,-1.6812686937603482e-06,[203]
191,-3.142260141089924e-06,[118]
192,-5.314745221809651e-06,[235]
193,-6.0862233149207095e-06,[168]
194,-6.1609691817663665e-06,[99]
195,-1.0750164566980249e-05,[252]
196,-1.1726031588157612e-05,[274]
197,-1.2490669937561337e-05,[70]
198,-1.4214984013594868e-05,[27]
199,-1.5558778933020985e-05,[218]
200,-1.7655621316116855e-05,[253]
201,-2.1111510761148902e-05,[196]
202,-2.164563859583104e-05,[192]
203,-2.228529953030767e-05,[20]
204,-2.3351835093243692e-05,[40]
205,-2.3707060008902065e-05,[144]
206,-2.4269383674557502e-05,[51]
207,-2.4558482637013564e-05,[284]
208,-2.462908307659686e-05,[36]
209,-2.5357353141336877e-05,[296]
210,-2.5891060215935103e-05,[94]
211,-2.742336535355291e-05,[31]
212,-3.2276439831585473e-05,[49]
213,-3.2770046766653483e-05,[309]
214,-3.404381621256097e-05,[199]
215,-3.6632818669289394e-05,[167]
216,-3.7308539876552896e-05,[117]
217,-3.8930579897269406e-05,[226]
218,-3.96442613147089e-05,[266]
219,-4.0378827738428024e-05,[280]
220,-4.143947173953191e-05,[153]
221,-4.3190511601258114e-05,[151]
222,-4.3363933055483725e-05,[188]
223,-4.680657407748072e-05,[44]
224,-5.218622109941305e-05,[261]
225,-5.261836371804977e-05,[135]
226,-5.425175300729612e-05,[220]
227,-5.427751462465203e-05,[68]
228,-5.4625301107453105e-05,[86]
229,-5.8275861459040557e-05,[25]
230,-6.187454517374771e-05,[244]
231,-6.22298201619863e-05,[242]
232,-6.53552783413083e-05,[53]
233,-6.538852519884973e-05,[163]
234,-6.580013704192719e-05,[129]
235,-6.726691334835688e-05,[183]
236,-7.18544259137432e-05,[45]
237,-7.269632907638498e-05,[48]
238,-7.390077785499664e-05,[204]
239,-7.644909133657415e-05,[178]
240,-7.952148800841654e-05,[19]
241,-8.150191605051174e-05,[125]
242,-8.530908144457354e-05,[305]
243,-8.649438493286323e-05,[123]
244,-8.872115862943682e-05,[91]
245,-8.897593968326856e-05,[256]
246,-9.094242684834341e-05,[52]
247,-9.231615806632105e-05,[56]
248,-9.33481220259732e-05,[75]
249,-9.335089859314162e-05,[177]
250,-9.824644565868191e-05,[26]
251,-9.831469659312599e-05,[160]
252,-9.928817089817525e-05,[72]
253,-0.00010000015955901413,[259]
254,-0.00010530472266450791,[9]
255,-0.0001085270058682082,[5]
256,-0.00010968729455782306,[249]
257,-0.00011014642658082519,[134]
258,-0.00011136354111485251,[136]
259,-0.00011511097793769059,[63]
260,-0.00011955525363360989,[287]
261,-0.00012823121743325594,[111]
262,-0.00013528973134192536,[162]
263,-0.00013668841272618376,[217]
264,-0.0001382656494259431,[73]
265,-0.00014116350795549673,[164]
266,-0.00014138860511957827,[102]
267,-0.00014327728539211148,[180]
268,-0.0001437398866479941,[290]
269,-0.00014792535277669667,[32]
270,-0.00014808876763272162,[33]
271,-0.0001485462876747909,[69]
272,-0.00014986669611157625,[251]
273,-0.00015471533479651702,[222]
274,-0.00015540806864815484,[294]
275,-0.0001573546392680042,[90]
276,-0.00015831453219266258,[62]
277,-0.00015944495786908048,[15]
278,-0.00016096193045140835,[154]
279,-0.0001616725901555758,[28]
280,-0.00016579538946838885,[243]
281,-0.00016903730637027396,[260]
282,-0.00017426721554450299,[265]
283,-0.0001859655139773493,[275]
284,-0.00020421565450874646,[171]
285,-0.0002071604178047046,[130]
286,-0.00020785541989245046,[247]
287,-0.00021011884279194124,[213]
288,-0.00021571330845219556,[173]
289,-0.00022207481706521315,[155]
290,-0.00023551181646072616,[132]
291,-0.00023718474849312535,[172]
292,-0.00025104689819605225,[185]
293,-0.0002562550956140004,[110]
294,-0.00026120837928574227,[159]
295,-0.0002642331343956789,[194]
296,-0.0002642501544103676,[189]
297,-0.0002800561001338972,[18]
298,-0.0002955738230019791,[84]
299,-0.00030691997954810084,[209]
300,-0.00034860404226010175,[211]
301,-0.00035103787907186446,[221]
302,-0.000355112705084425,[166]
303,-0.0003598937266079803,[186]
304,-0.0003616575394110544,[208]
305,-0.0003775843778107676,[76]
306,-0.0003802518208034897,[292]
307,-0.0003959581346218113,[246]
308,-0.0005065621625879946,[219]
309,-0.0005735063625976392,[234]
