,Score,Feature
0,0.007158465858253403,[7]
1,0.003971010180655899,[49]
2,0.0015109457553401679,[46]
3,0.0010033420232781268,[24]
4,0.0009367144840635208,[32]
5,0.000908152603303708,[51]
6,0.0006070271833814373,[38]
7,0.0006038615616113096,[141]
8,0.0005994241046526321,[15]
9,0.0005926241410766184,[2]
10,0.0005543856832361491,[55]
11,0.0005295167997578842,[126]
12,0.000516936900735981,[180]
13,0.0004807018482125289,[1]
14,0.000418939696114853,[130]
15,0.00040598633924646095,[75]
16,0.00039349673730688836,[177]
17,0.0003919750620266636,[226]
18,0.0003754396437413175,[186]
19,0.00037205634779331114,[138]
20,0.00036912347112870106,[47]
21,0.00035318449035929623,[42]
22,0.00034245972273659495,[188]
23,0.0003398897660667864,[22]
24,0.00032922490672037454,[28]
25,0.0003238951794081133,[43]
26,0.00029950177292096603,[214]
27,0.00029112701115070007,[146]
28,0.00028800621870821364,[57]
29,0.0002835080459680184,[80]
30,0.00028079507326010076,[85]
31,0.000278499265766434,[14]
32,0.0002664988175802715,[8]
33,0.00026636857459657687,[72]
34,0.0002660794497694944,[173]
35,0.0002659819419368624,[73]
36,0.0002634602773370833,[54]
37,0.000263301504426396,[108]
38,0.0002571507236922549,[107]
39,0.00025041831535917657,[122]
40,0.00024985496810542003,[152]
41,0.0002493782987106083,[159]
42,0.00024773487171986263,[78]
43,0.0002464206071762668,[178]
44,0.0002459434054814332,[164]
45,0.00024372365750681212,[134]
46,0.00023622020795256441,[52]
47,0.00023429388520947102,[48]
48,0.0002309533508987699,[193]
49,0.0002306094452665753,[0]
50,0.0002260879317515221,[110]
51,0.00022180206610988374,[41]
52,0.0002197347288464548,[142]
53,0.00021852283260868202,[136]
54,0.00021558265699374933,[231]
55,0.00021190849816983025,[77]
56,0.0002075538457126832,[158]
57,0.0002018632819673984,[206]
58,0.00020018095607204938,[65]
59,0.0001994416840522005,[18]
60,0.00018554896728637896,[31]
61,0.00018347768645853203,[227]
62,0.00018311556117393525,[33]
63,0.00018191440546940784,[21]
64,0.00017579369427212846,[124]
65,0.00017278318186489869,[197]
66,0.00016943962981959046,[83]
67,0.00016827203010909284,[101]
68,0.00016613144357540321,[147]
69,0.00015964741360233712,[213]
70,0.00015800794855811193,[175]
71,0.00015762786058913454,[61]
72,0.00015614540200424234,[123]
73,0.00015279594853597882,[194]
74,0.00015188841008371433,[92]
75,0.00015039027188269821,[129]
76,0.0001450157881662156,[230]
77,0.0001424896710737008,[196]
78,0.00014196380972139285,[67]
79,0.0001365279971693814,[232]
80,0.0001357553292383837,[36]
81,0.00013318124503088532,[187]
82,0.0001325039820281357,[56]
83,0.00013184012018426297,[211]
84,0.00012960966832216013,[166]
85,0.00012706996706085026,[90]
86,0.00012315540066426122,[132]
87,0.00012223022799351973,[216]
88,0.00012007091179672617,[156]
89,0.00011037646769879316,[192]
90,0.0001059725202368111,[239]
91,0.00010459407367303173,[71]
92,0.00010157071685188013,[82]
93,0.00010153301387825746,[62]
94,0.00010050965830443476,[171]
95,9.969252958485055e-05,[19]
96,9.691477108819125e-05,[139]
97,9.202018747035856e-05,[35]
98,9.049026141269007e-05,[9]
99,8.670280106825665e-05,[89]
100,8.569018770207894e-05,[228]
101,8.022377473968196e-05,[105]
102,7.97271998632565e-05,[40]
103,7.72008954035266e-05,[235]
104,7.025697087241907e-05,[143]
105,6.989940051968182e-05,[140]
106,6.578235191300498e-05,[190]
107,6.459101080597767e-05,[26]
108,5.949512678341579e-05,[137]
109,5.599040906558318e-05,[121]
110,5.5013562417241403e-05,[233]
111,5.4447269316392676e-05,[109]
112,5.087179680265692e-05,[241]
113,4.671729168807568e-05,[207]
114,4.601330597766826e-05,[120]
115,4.5709345441737795e-05,[144]
116,4.516458117705907e-05,[4]
117,4.244117502195971e-05,[199]
118,4.2399261547053646e-05,[102]
119,4.219627894134624e-05,[160]
120,3.7410149284731586e-05,[210]
121,3.362652253402355e-05,[116]
122,3.14119115202827e-05,[44]
123,2.8932088203649042e-05,[179]
124,2.7715122361123436e-05,[37]
125,2.4411803954195362e-05,[81]
126,2.2561829695793985e-05,[127]
127,2.2261927867580433e-05,[223]
128,2.2043942421871592e-05,[155]
129,2.0371430284516695e-05,[157]
130,1.502602413349766e-05,[84]
131,1.1278104468590863e-05,[39]
132,1.1055398478078825e-05,[79]
133,8.881828791147902e-06,[150]
134,8.727753047475032e-06,[53]
135,6.111794863264769e-06,[245]
136,5.786799317401077e-06,[167]
137,5.098071736873293e-06,[191]
138,-5.681358670589085e-06,[219]
139,-6.592022670204912e-06,[161]
140,-1.3233385089022712e-05,[154]
141,-1.3430961827543084e-05,[185]
142,-1.4419302663865518e-05,[94]
143,-2.1702064361128064e-05,[236]
144,-2.2403158937483002e-05,[69]
145,-2.5078142767511818e-05,[117]
146,-2.5366375454952763e-05,[115]
147,-2.838557255932479e-05,[97]
148,-2.997518219113975e-05,[153]
149,-3.725063123671393e-05,[176]
150,-3.7545723275812676e-05,[148]
151,-4.0264118420115794e-05,[66]
152,-4.07915218893009e-05,[86]
153,-4.204072170201313e-05,[103]
154,-4.5284975738260773e-05,[174]
155,-4.748987901423603e-05,[3]
156,-4.976381920449857e-05,[240]
157,-5.382727851276126e-05,[221]
158,-5.4750437628513414e-05,[244]
159,-5.697964508689168e-05,[63]
160,-5.8204249808554465e-05,[20]
161,-5.865749477566427e-05,[112]
162,-5.870949612254052e-05,[209]
163,-6.115951850806174e-05,[242]
164,-6.873137448477879e-05,[202]
165,-7.268755319507006e-05,[104]
166,-7.74646824937593e-05,[17]
167,-9.000689334111258e-05,[95]
168,-9.067744019994944e-05,[168]
169,-9.190420660697772e-05,[113]
170,-0.00010434182690400848,[212]
171,-0.00010541901369160583,[88]
172,-0.00010591102122838454,[237]
173,-0.00010894806517966871,[182]
174,-0.00011384283101417685,[220]
175,-0.00011407073914899297,[68]
176,-0.0001272689845549567,[163]
177,-0.00013741535157909412,[222]
178,-0.0001388947170129999,[234]
179,-0.00014001284215684512,[45]
180,-0.00014512926890979328,[25]
181,-0.00014569182182252755,[184]
182,-0.0001498187106925387,[181]
183,-0.00015417244623005744,[114]
184,-0.00015607055177955004,[58]
185,-0.00015834305075094525,[203]
186,-0.0001600180107575855,[74]
187,-0.00016214763949726384,[11]
188,-0.00016335527442700443,[135]
189,-0.00016593685549882127,[200]
190,-0.0001671924044079265,[93]
191,-0.00016808994224971953,[162]
192,-0.00016831262466097794,[16]
193,-0.00016859895122109256,[91]
194,-0.00016980903792140092,[59]
195,-0.00017046818832701672,[198]
196,-0.00017301328573751526,[50]
197,-0.00017842415823249769,[243]
198,-0.0001801100552921324,[205]
199,-0.00018500928045120762,[169]
200,-0.0001891085902787188,[96]
201,-0.00019247279516606557,[224]
202,-0.00019944100505137765,[87]
203,-0.00020503686734886023,[208]
204,-0.00020849352965869432,[76]
205,-0.00021057268813892027,[131]
206,-0.00021834097226645834,[13]
207,-0.00021933277288447203,[145]
208,-0.0002197704059276854,[195]
209,-0.00022518496561213478,[218]
210,-0.00022534954746751535,[29]
211,-0.00022769829020757916,[183]
212,-0.00023361061793542246,[125]
213,-0.0002435061216450425,[98]
214,-0.00025186317944206327,[165]
215,-0.0002545359056475786,[118]
216,-0.0002602210035195057,[215]
217,-0.00026028679883481517,[70]
218,-0.0002640548710464269,[64]
219,-0.0002652009241216292,[229]
220,-0.0002714579020605774,[225]
221,-0.00027402593431065766,[106]
222,-0.000280966735515067,[27]
223,-0.00028562268213452115,[238]
224,-0.00028581482380449143,[128]
225,-0.0002897387270778378,[6]
226,-0.00029418290809108294,[170]
227,-0.0002966907667229692,[99]
228,-0.00030811569566669355,[133]
229,-0.00031915156413819237,[201]
230,-0.00032701974391057697,[151]
231,-0.0003298597032959343,[119]
232,-0.0003414136609765875,[149]
233,-0.0003681014099641816,[111]
234,-0.0003860822937475128,[5]
235,-0.00038945725291001184,[12]
236,-0.0003930681576203955,[100]
237,-0.0004037208260595239,[30]
238,-0.00040914648886363885,[189]
239,-0.00042391745674443443,[172]
240,-0.0004257747434138549,[60]
241,-0.00042695609240196437,[10]
242,-0.00045285481204662594,[204]
243,-0.0004943095145209603,[23]
244,-0.0005153277681520975,[217]
245,-0.0005867917646239242,[34]
