,Feature,Score
54,54,0.000561647631884376
78,78,0.0005414742226212715
25,25,0.00046622549788674693
103,103,0.0004553076046705699
45,45,0.0004429214598781717
74,74,0.0003845624263605107
113,113,0.0003714362335625178
18,18,0.0003556636924986188
63,63,0.0003479735678138077
92,92,0.00033407299505006636
42,42,0.00031582555587422777
112,112,0.0003107228616889693
84,84,0.000285393024473013
79,79,0.0002728573854745072
49,49,0.00026821402290132674
53,53,0.0002627816438896241
37,37,0.0002620523248736726
59,59,0.00025807075825267273
88,88,0.00025495275763718917
75,75,0.0002528877042085769
110,110,0.00024493867509456607
9,9,0.00024192116821602746
68,68,0.0002400825063506323
32,32,0.0002376941720962784
124,124,0.00023087848824771565
19,19,0.00023064705716461804
122,122,0.00023020212117013883
86,86,0.00022952522647029327
73,73,0.0002241485156895163
46,46,0.0002203949531005773
22,22,0.00021220745289589427
87,87,0.0002121017225333412
62,62,0.0002069046729104998
13,13,0.0002037091436279485
40,40,0.00020305177934359798
7,7,0.00019861153095007667
66,66,0.0001943027529608068
43,43,0.0001906487781997816
91,91,0.00018831006197405254
26,26,0.00018631068307912988
82,82,0.00018419803932748184
105,105,0.00018106644086732216
11,11,0.00018092765391558924
51,51,0.00018008356432437975
38,38,0.00017707945838096612
106,106,0.00017521394264623366
6,6,0.00017410888619541357
118,118,0.00017331612880165203
102,102,0.00016769610883161053
99,99,0.00015985383108599928
125,125,0.00015723081659314525
104,104,0.00015554407821554285
80,80,0.00015309153434818983
34,34,0.0001508593841256361
52,52,0.00014751840291202337
83,83,0.00014675279744464124
3,3,0.00014670163518226427
64,64,0.00014581909119361166
36,36,0.00014368531942064928
58,58,0.00014350731793939906
29,29,0.00014265295302349462
117,117,0.00014146044666178315
101,101,0.00014068124103722068
69,69,0.00013996095662115502
89,89,0.00013505718550758624
5,5,0.0001336586205890609
12,12,0.00013306674646433738
55,55,0.00013219552397661916
67,67,0.0001321159941064428
114,114,0.00013178281680993408
115,115,0.00013078811414342736
1,1,0.00012749169586324442
98,98,0.00012651872185881998
65,65,0.0001243649929635686
24,24,0.00012115183787391208
85,85,0.00012112583515144502
15,15,0.00011939118359397055
33,33,0.00011937535911834815
126,126,0.0001189819093436336
76,76,0.00011844972659472067
60,60,0.00011720934564921972
120,120,0.00011692844371715855
93,93,0.00011336932528791709
71,71,0.00011044502844357928
119,119,0.00011034872851423176
14,14,0.00011016409387887155
109,109,0.00010983265463160244
23,23,0.00010937355232889055
20,20,0.00010888480480648115
128,128,0.00010887041763760127
116,116,0.00010749199855249466
28,28,0.0001061619616837909
50,50,0.00010487015399839519
4,4,0.00010470304518171769
90,90,0.0001033054655525311
17,17,0.00010264752971232767
77,77,0.00010163913841138944
2,2,9.96734933175476e-05
108,108,9.962143820373378e-05
41,41,9.87063016641884e-05
123,123,9.711062467310346e-05
56,56,9.67513682349343e-05
81,81,9.666584378146925e-05
57,57,9.604971342501577e-05
127,127,9.438369603793415e-05
72,72,9.367105653484978e-05
30,30,9.36127733545124e-05
121,121,9.279753041878504e-05
107,107,9.232547930425988e-05
16,16,9.183533331798517e-05
10,10,9.157623162084652e-05
31,31,9.03503779079736e-05
27,27,8.958276255396469e-05
44,44,8.910947486590417e-05
47,47,8.818921427653638e-05
0,0,8.786632157197611e-05
39,39,8.729143013627477e-05
94,94,8.714420963173846e-05
95,95,8.664853632291692e-05
35,35,8.595478204082217e-05
21,21,8.406577555074557e-05
129,129,8.185499621974418e-05
96,96,8.16510467043654e-05
8,8,8.102611350536017e-05
97,97,8.071361175067773e-05
61,61,8.007843062364123e-05
70,70,7.979311253792009e-05
48,48,7.776625183217716e-05
100,100,6.983792220154138e-05
111,111,6.53508996372154e-05
